{
  "advancedEditorSelectedIdentifier" : "ProjectBrowser",
  "openSceneRelativePaths" : [
    "Materials\/GridMaterial.usda"
  ],
  "recentIdentifiers" : {

  },
  "sceneCameraHistory" : {
    "26DBAE76-5DD8-47B6-A085-1B4ADA111097" : [
      {
        "date" : 776069640.053763,
        "title" : "Untitled",
        "transform" : [
          0.9703486,
          -2.9501134e-08,
          0.2417094,
          0,
          0.22795852,
          0.33248118,
          -0.91514546,
          0,
          -0.08036379,
          0.9431099,
          0.32262272,
          0,
          -0.047228154,
          0.7933877,
          0.18959808,
          1
        ]
      },
      {
        "date" : 776069522.97775,
        "title" : "Untitled",
        "transform" : [
          0.98028845,
          -1.5944948e-08,
          -0.1975721,
          0,
          -0.03842358,
          0.98090667,
          -0.19064523,
          0,
          0.19379981,
          0.19447874,
          0.96157146,
          0,
          0.15454583,
          0.23614572,
          0.7668069,
          1
        ]
      },
      {
        "date" : 776069519.301531,
        "title" : "Untitled",
        "transform" : [
          0.99999994,
          0,
          -0,
          0,
          -0,
          0.86745465,
          -0.49751624,
          0,
          0,
          0.49751624,
          0.86745465,
          0,
          -2.3402092e-07,
          0.47356,
          0.66587013,
          1
        ]
      },
      {
        "date" : 776069517.716345,
        "title" : "Untitled",
        "transform" : [
          1,
          0,
          -0,
          0,
          -0,
          0.86745465,
          -0.49751627,
          0,
          0,
          0.49751627,
          0.86745465,
          0,
          -2.3402092e-07,
          0.47356,
          0.6658701,
          1
        ]
      }
    ],
    "EC9C7DFD-F294-4A8E-8D78-7FE102BFDC8E" : [
      {
        "date" : 776069826.765425,
        "title" : "Untitled",
        "transform" : [
          0.9518143,
          0.03993804,
          0.30406317,
          0,
          0.12829769,
          0.84869415,
          -0.5130866,
          0,
          -0.27854833,
          0.52737385,
          0.8026753,
          0,
          -0.46622252,
          0.87780595,
          1.6563525,
          1
        ]
      },
      {
        "date" : 776069824.861034,
        "title" : "Untitled",
        "transform" : [
          0.95181423,
          0.03993802,
          0.30406317,
          0,
          0.15209207,
          0.7994885,
          -0.5811076,
          0,
          -0.26630336,
          0.5993521,
          0.7548903,
          0,
          -0.09747912,
          0.8950358,
          1.8679981,
          1
        ]
      },
      {
        "date" : 776069820.790622,
        "title" : "Untitled",
        "transform" : [
          0.8673272,
          0.039938048,
          -0.49613345,
          0,
          -0.45577624,
          -0.3368529,
          -0.823892,
          0,
          -0.20002864,
          0.9407099,
          -0.2739589,
          0,
          -0.048851937,
          1.3510584,
          0.115556024,
          1
        ]
      },
      {
        "date" : 776069817.961687,
        "title" : "Untitled",
        "transform" : [
          0.83165973,
          -6.51127e-08,
          0.5552856,
          0,
          0.5549473,
          0.034899577,
          -0.8311531,
          0,
          -0.019379178,
          0.99939084,
          0.029024608,
          0,
          -0.048851937,
          1.3510584,
          0.115556024,
          1
        ]
      },
      {
        "date" : 776069814.581268,
        "title" : "Untitled",
        "transform" : [
          0.83165973,
          -2.504207e-08,
          0.5552856,
          0,
          0.55494726,
          0.034899585,
          -0.8311531,
          0,
          -0.019379178,
          0.99939084,
          0.029024608,
          0,
          -0.048851937,
          1.3510584,
          0.115556024,
          1
        ]
      },
      {
        "date" : 776069811.299453,
        "title" : "Untitled",
        "transform" : [
          0.83165973,
          -2.504207e-08,
          0.5552856,
          0,
          0.55494726,
          0.034899585,
          -0.8311531,
          0,
          -0.019379178,
          0.99939084,
          0.029024608,
          0,
          -0.035160914,
          1.3393673,
          0.52726084,
          1
        ]
      },
      {
        "date" : 776069809.911089,
        "title" : "Untitled",
        "transform" : [
          0.83165973,
          -2.504207e-08,
          0.5552856,
          0,
          0.55494726,
          0.034899585,
          -0.8311531,
          0,
          -0.019379178,
          0.99939084,
          0.029024608,
          0,
          -0.035160914,
          1.3393673,
          0.52726084,
          1
        ]
      },
      {
        "date" : 776069798.07772,
        "title" : "Untitled",
        "transform" : [
          0.96028024,
          -2.6022434e-08,
          0.2790374,
          0,
          0.1879843,
          0.73901534,
          -0.6469298,
          0,
          -0.2062129,
          0.6736886,
          0.70966184,
          0,
          -0.367438,
          1.0427518,
          1.4953297,
          1
        ]
      },
      {
        "date" : 776069794.826843,
        "title" : "Untitled",
        "transform" : [
          0.96028024,
          -3.281798e-08,
          0.27903733,
          0,
          0.19399658,
          0.71878237,
          -0.6676205,
          0,
          -0.20056713,
          0.695235,
          0.6902325,
          0,
          -0.3618686,
          1.069417,
          1.4664354,
          1
        ]
      },
      {
        "date" : 776069792.949933,
        "title" : "Untitled",
        "transform" : [
          0.94210374,
          -3.429298e-08,
          0.33532152,
          0,
          0.17690542,
          0.84951186,
          -0.49702513,
          0,
          -0.28485963,
          0.5275694,
          0.8003284,
          0,
          -0.4761655,
          0.8709756,
          1.6417391,
          1
        ]
      }
    ]
  },
  "sceneViewportBackgroundColors" : {

  }
}